0,
0,0,0,0,0,0,0,0,0,0,0,0,0,'`',0,0,
0,0,0,0,'q','1',0,0,0,'z','s','a','w','2',0,0,
'c','x','d','e','4','3',0,0,' ','v','f','t','r','5',0,0,
'n','b','h','g','y','6',0,0,0,'m','j','u','7','8',0,0,
',','k','i','o','0','9',0,0,'.','/','l',';','p','-',0,0,
0,''',0,'[','=',0,0,']',0,0,0,0,'\',0,0,0,
0,0,0,0,0,0,0,0,0,0,0,0,0,0,0,0,
0,0,0,0,0,0,0,0,0,0,0,0,0,0,0,0,
0,0,0,0,0,0,0,0,0,0,0,0,0,0,0,0,
0,0,0,0,0,0,0,0,0,0,0,0,0,0,0,0,
0,0,0,0,0,0,0,0,0,0,0,0,0,0,0,0,
0,0,0,0,0,0,0,0,0,0,0,0,0,0,0,0,
0,0,0,0,0,0,0,0,0,0,0,0,0,0,0,0,
0,0,0,0,0,0,0,0,0,0,0,0,0,0,0,0,
0,0,0,0,0,0,0,0,0,0,0,0,0,0,0,0,
0,0,0,0,0,0,0,0,0,0,0,0,0,0,0,